[]
[]
[]

[]
[]
[]

[ 13, 16, 12 ]
[ 9, 14, 8 ]
[ 6, 13, 14, 15, 13 ]

[ 13, 16, 12, 9, 14, 8 ]
[ 13, 16, 12, 6, 14, 15 ]
[ 13, 16, 12, 9, 14, 8, 6, 15 ]

[ 17 ]
[ 12 ]
[ 12, 0 ]

[ 17, 12 ]
[ 17, 12, 0 ]
[ 17, 12, 0 ]

[ 6, 9 ]
[ 12, 8 ]
[]

[ 6, 9, 12, 8 ]
[ 6, 9 ]
[ 6, 9, 12, 8 ]

[ 18, 6 ]
[ 17, 7 ]
[ 5, 8, 2, 6, 4, 14 ]

[ 18, 6, 17, 7 ]
[ 18, 6, 5, 8, 2, 4, 14 ]
[ 18, 6, 17, 7, 5, 8, 2, 4, 14 ]

[]
[]
[ 18, 13, 19 ]

[]
[ 18, 13, 19 ]
[ 18, 13, 19 ]

[]
[]
[ 0, 3, 11, 19, 5 ]

[]
[ 0, 3, 11, 19, 5 ]
[ 0, 3, 11, 19, 5 ]

[]
[]
[ 12 ]

[]
[ 12 ]
[ 12 ]

[ 6, 18, 7 ]
[ 19, 2, 0 ]
[ 12 ]

[ 6, 18, 7, 19, 2, 0 ]
[ 6, 18, 7, 12 ]
[ 6, 18, 7, 19, 2, 0, 12 ]

[ 12, 2 ]
[ 12, 17 ]
[ 14 ]

[ 12, 2, 17 ]
[ 12, 2, 14 ]
[ 12, 2, 17, 14 ]

[ 19, 12, 11 ]
[ 14, 6, 3 ]
[]

[ 19, 12, 11, 14, 6, 3 ]
[ 19, 12, 11 ]
[ 19, 12, 11, 14, 6, 3 ]

[ 9, 9, 3, 0 ]
[ 15, 0, 5, 7 ]
[ 13, 17, 16 ]

[ 9, 3, 0, 15, 5, 7 ]
[ 9, 3, 0, 13, 17, 16 ]
[ 9, 3, 0, 15, 5, 7, 13, 17, 16 ]

[ 14, 11, 18, 12 ]
[ 10, 6, 13, 1 ]
[ 17, 7, 15, 0 ]

[ 14, 11, 18, 12, 10, 6, 13, 1 ]
[ 14, 11, 18, 12, 17, 7, 15, 0 ]
[ 14, 11, 18, 12, 10, 6, 13, 1, 17, 7, 15, 0 ]

[]
[]
[ 18, 14, 16, 2, 4 ]

[]
[ 18, 14, 16, 2, 4 ]
[ 18, 14, 16, 2, 4 ]

[]
[]
[ 3 ]

[]
[ 3 ]
[ 3 ]

[ 1, 18, 5, 11 ]
[ 11, 17, 7, 15 ]
[ 19, 1 ]

[ 1, 18, 5, 11, 17, 7, 15 ]
[ 1, 18, 5, 11, 19 ]
[ 1, 18, 5, 11, 17, 7, 15, 19 ]

[ 11, 2, 15, 12 ]
[ 9, 15, 12, 14 ]
[ 13, 13, 13, 17, 11, 16 ]

[ 11, 2, 15, 12, 9, 14 ]
[ 11, 2, 15, 12, 13, 17, 16 ]
[ 11, 2, 15, 12, 9, 14, 13, 17, 16 ]

[ 19, 13, 6 ]
[ 16, 12, 1 ]
[ 19, 10 ]

[ 19, 13, 6, 16, 12, 1 ]
[ 19, 13, 6, 10 ]
[ 19, 13, 6, 16, 12, 1, 10 ]

[ 13, 13 ]
[ 14, 10 ]
[ 6, 11, 12 ]

[ 13, 14, 10 ]
[ 13, 6, 11, 12 ]
[ 13, 14, 10, 6, 11, 12 ]

[]
[]
[ 15 ]

[]
[ 15 ]
[ 15 ]

[ 12 ]
[ 0 ]
[ 18, 9, 19 ]

[ 12, 0 ]
[ 12, 18, 9, 19 ]
[ 12, 0, 18, 9, 19 ]

[]
[]
[ 9, 5 ]

[]
[ 9, 5 ]
[ 9, 5 ]

[]
[]
[ 17, 7, 11 ]

[]
[ 17, 7, 11 ]
[ 17, 7, 11 ]

[ 4 ]
[ 9 ]
[ 1, 15, 6 ]

[ 4, 9 ]
[ 4, 1, 15, 6 ]
[ 4, 9, 1, 15, 6 ]

[]
[]
[ 18 ]

[]
[ 18 ]
[ 18 ]

[ 6 ]
[ 1 ]
[ 3, 0, 1, 4 ]

[ 6, 1 ]
[ 6, 3, 0, 1, 4 ]
[ 6, 1, 3, 0, 4 ]

[ 18, 12, 0 ]
[ 18, 14, 12 ]
[ 2, 12, 15, 8, 6, 1 ]

[ 18, 12, 0, 14 ]
[ 18, 12, 0, 2, 15, 8, 6, 1 ]
[ 18, 12, 0, 14, 2, 15, 8, 6, 1 ]

[ 11, 9, 4 ]
[ 13, 6, 1 ]
[ 3 ]

[ 11, 9, 4, 13, 6, 1 ]
[ 11, 9, 4, 3 ]
[ 11, 9, 4, 13, 6, 1, 3 ]

[ 18, 18, 18, 17 ]
[ 4, 1, 1, 11 ]
[ 13, 6, 15, 4, 2 ]

[ 18, 17, 4, 1, 11 ]
[ 18, 17, 13, 6, 15, 4, 2 ]
[ 18, 17, 4, 1, 11, 13, 6, 15, 2 ]

[ 4, 0, 16 ]
[ 3, 16, 15 ]
[]

[ 4, 0, 16, 3, 15 ]
[ 4, 0, 16 ]
[ 4, 0, 16, 3, 15 ]

[ 6 ]
[ 11 ]
[ 4, 11, 4, 5 ]

[ 6, 11 ]
[ 6, 4, 11, 5 ]
[ 6, 11, 4, 5 ]

[ 17 ]
[ 2 ]
[ 2, 4, 2, 1 ]

[ 17, 2 ]
[ 17, 2, 4, 1 ]
[ 17, 2, 4, 1 ]

[ 0, 9, 17 ]
[ 10, 5, 5 ]
[ 4, 18, 7 ]

[ 0, 9, 17, 10, 5 ]
[ 0, 9, 17, 4, 18, 7 ]
[ 0, 9, 17, 10, 5, 4, 18, 7 ]

[ 2, 10, 15 ]
[ 12, 16, 6 ]
[ 12 ]

[ 2, 10, 15, 12, 16, 6 ]
[ 2, 10, 15, 12 ]
[ 2, 10, 15, 12, 16, 6 ]

[ 5, 9 ]
[ 10, 2 ]
[ 15, 12 ]

[ 5, 9, 10, 2 ]
[ 5, 9, 15, 12 ]
[ 5, 9, 10, 2, 15, 12 ]

[ 4, 4 ]
[ 18, 15 ]
[ 6, 12, 14, 15 ]

[ 4, 18, 15 ]
[ 4, 6, 12, 14, 15 ]
[ 4, 18, 15, 6, 12, 14 ]

[ 18, 4, 4 ]
[ 19, 0, 8 ]
[ 6, 14 ]

[ 18, 4, 19, 0, 8 ]
[ 18, 4, 6, 14 ]
[ 18, 4, 19, 0, 8, 6, 14 ]

[ 6, 7, 10, 6 ]
[ 19, 13, 11, 6 ]
[ 12, 5 ]

[ 6, 7, 10, 19, 13, 11 ]
[ 6, 7, 10, 12, 5 ]
[ 6, 7, 10, 19, 13, 11, 12, 5 ]

[ 1, 10 ]
[ 8, 2 ]
[ 7, 13, 4, 9 ]

[ 1, 10, 8, 2 ]
[ 1, 10, 7, 13, 4, 9 ]
[ 1, 10, 8, 2, 7, 13, 4, 9 ]

[ 5, 13 ]
[ 19, 12 ]
[ 13, 14, 7, 13 ]

[ 5, 13, 19, 12 ]
[ 5, 13, 14, 7 ]
[ 5, 13, 19, 12, 14, 7 ]

[ 11, 8, 16, 7 ]
[ 17, 8, 0, 17 ]
[]

[ 11, 8, 16, 7, 17, 0 ]
[ 11, 8, 16, 7 ]
[ 11, 8, 16, 7, 17, 0 ]

[]
[]
[ 9, 13, 15 ]

[]
[ 9, 13, 15 ]
[ 9, 13, 15 ]

[ 10 ]
[ 18 ]
[ 6, 15, 15, 4 ]

[ 10, 18 ]
[ 10, 6, 15, 4 ]
[ 10, 18, 6, 15, 4 ]

[]
[]
[ 0, 3, 14 ]

[]
[ 0, 3, 14 ]
[ 0, 3, 14 ]

[ 3, 7 ]
[ 1, 13 ]
[ 1, 17, 3 ]

[ 3, 7, 1, 13 ]
[ 3, 7, 1, 17 ]
[ 3, 7, 1, 13, 17 ]

[]
[]
[ 13, 14, 7, 16, 16, 18 ]

[]
[ 13, 14, 7, 16, 18 ]
[ 13, 14, 7, 16, 18 ]

[ 11, 8 ]
[ 10, 6 ]
[ 6, 11 ]

[ 11, 8, 10, 6 ]
[ 11, 8, 6 ]
[ 11, 8, 10, 6 ]

[ 19, 3, 13, 8 ]
[ 5, 6, 5, 17 ]
[ 14, 18, 19, 19, 14, 12 ]

[ 19, 3, 13, 8, 5, 6, 17 ]
[ 19, 3, 13, 8, 14, 18, 12 ]
[ 19, 3, 13, 8, 5, 6, 17, 14, 18, 12 ]

[ 3 ]
[ 1 ]
[ 10, 7, 19, 14, 1, 15 ]

[ 3, 1 ]
[ 3, 10, 7, 19, 14, 1, 15 ]
[ 3, 1, 10, 7, 19, 14, 15 ]

[ 5, 18, 17, 14 ]
[ 16, 15, 4, 10 ]
[ 4, 10, 3 ]

[ 5, 18, 17, 14, 16, 15, 4, 10 ]
[ 5, 18, 17, 14, 4, 10, 3 ]
[ 5, 18, 17, 14, 16, 15, 4, 10, 3 ]

[ 16 ]
[ 1 ]
[ 6, 7 ]

[ 16, 1 ]
[ 16, 6, 7 ]
[ 16, 1, 6, 7 ]

[ 18, 8, 10, 3 ]
[ 13, 13, 5, 17 ]
[ 7, 18, 12, 10, 2, 12 ]

[ 18, 8, 10, 3, 13, 5, 17 ]
[ 18, 8, 10, 3, 7, 12, 2 ]
[ 18, 8, 10, 3, 13, 5, 17, 7, 12, 2 ]

[ 10 ]
[ 2 ]
[ 13, 9, 9 ]

[ 10, 2 ]
[ 10, 13, 9 ]
[ 10, 2, 13, 9 ]

[ 18, 17 ]
[ 16, 5 ]
[ 1, 4, 11, 12, 1, 0 ]

[ 18, 17, 16, 5 ]
[ 18, 17, 1, 4, 11, 12, 0 ]
[ 18, 17, 16, 5, 1, 4, 11, 12, 0 ]

[ 4, 10, 10 ]
[ 9, 9, 1 ]
[ 5 ]

[ 4, 10, 9, 1 ]
[ 4, 10, 5 ]
[ 4, 10, 9, 1, 5 ]

[ 17, 5 ]
[ 3, 2 ]
[]

[ 17, 5, 3, 2 ]
[ 17, 5 ]
[ 17, 5, 3, 2 ]

[ 12, 4, 16 ]
[ 6, 14, 0 ]
[ 11, 7, 17, 3, 2, 14 ]

[ 12, 4, 16, 6, 14, 0 ]
[ 12, 4, 16, 11, 7, 17, 3, 2, 14 ]
[ 12, 4, 16, 6, 14, 0, 11, 7, 17, 3, 2 ]

[ 11 ]
[ 19 ]
[ 16, 13, 11 ]

[ 11, 19 ]
[ 11, 16, 13 ]
[ 11, 19, 16, 13 ]

[ 8 ]
[ 19 ]
[ 16, 12, 8, 1 ]

[ 8, 19 ]
[ 8, 16, 12, 1 ]
[ 8, 19, 16, 12, 1 ]

[ 5, 10, 5 ]
[ 6, 0, 9 ]
[ 17, 1, 15, 9, 8 ]

[ 5, 10, 6, 0, 9 ]
[ 5, 10, 17, 1, 15, 9, 8 ]
[ 5, 10, 6, 0, 9, 17, 1, 15, 8 ]

[ 15 ]
[ 1 ]
[ 3, 13, 14, 12, 12, 10 ]

[ 15, 1 ]
[ 15, 3, 13, 14, 12, 10 ]
[ 15, 1, 3, 13, 14, 12, 10 ]

[ 19, 18, 10, 6 ]
[ 11, 6, 4, 19 ]
[ 18, 11, 0, 8, 9, 11 ]

[ 19, 18, 10, 6, 11, 4 ]
[ 19, 18, 10, 6, 11, 0, 8, 9 ]
[ 19, 18, 10, 6, 11, 4, 0, 8, 9 ]

[ 2, 1, 17, 14 ]
[ 15, 1, 11, 18 ]
[ 16 ]

[ 2, 1, 17, 14, 15, 11, 18 ]
[ 2, 1, 17, 14, 16 ]
[ 2, 1, 17, 14, 15, 11, 18, 16 ]

[]
[]
[ 1, 10 ]

[]
[ 1, 10 ]
[ 1, 10 ]

[ 7 ]
[ 18 ]
[ 13, 6, 14, 11 ]

[ 7, 18 ]
[ 7, 13, 6, 14, 11 ]
[ 7, 18, 13, 6, 14, 11 ]

[ 9, 9, 1, 15 ]
[ 1, 4, 10, 10 ]
[ 4 ]

[ 9, 1, 15, 4, 10 ]
[ 9, 1, 15, 4 ]
[ 9, 1, 15, 4, 10 ]

[ 15, 11, 5, 1 ]
[ 6, 19, 11, 0 ]
[ 9, 14, 5, 14, 16 ]

[ 15, 11, 5, 1, 6, 19, 0 ]
[ 15, 11, 5, 1, 9, 14, 16 ]
[ 15, 11, 5, 1, 6, 19, 0, 9, 14, 16 ]

[ 0, 11, 10 ]
[ 19, 17, 2 ]
[ 9, 17, 1, 10, 2, 13 ]

[ 0, 11, 10, 19, 17, 2 ]
[ 0, 11, 10, 9, 17, 1, 2, 13 ]
[ 0, 11, 10, 19, 17, 2, 9, 1, 13 ]

[ 0, 6, 1 ]
[ 14, 18, 19 ]
[ 17, 18, 13 ]

[ 0, 6, 1, 14, 18, 19 ]
[ 0, 6, 1, 17, 18, 13 ]
[ 0, 6, 1, 14, 18, 19, 17, 13 ]

[ 11, 8, 17, 1 ]
[ 11, 7, 12, 18 ]
[]

[ 11, 8, 17, 1, 7, 12, 18 ]
[ 11, 8, 17, 1 ]
[ 11, 8, 17, 1, 7, 12, 18 ]

[ 3 ]
[ 14 ]
[ 16, 16, 7, 8 ]

[ 3, 14 ]
[ 3, 16, 7, 8 ]
[ 3, 14, 16, 7, 8 ]

[]
[]
[ 9, 4, 15, 16, 2, 17 ]

[]
[ 9, 4, 15, 16, 2, 17 ]
[ 9, 4, 15, 16, 2, 17 ]

[ 15, 7, 11 ]
[ 3, 9, 2 ]
[ 3, 1, 5 ]

[ 15, 7, 11, 3, 9, 2 ]
[ 15, 7, 11, 3, 1, 5 ]
[ 15, 7, 11, 3, 9, 2, 1, 5 ]

[]
[]
[ 0, 5, 5 ]

[]
[ 0, 5 ]
[ 0, 5 ]

[]
[]
[ 12, 8, 16, 6, 2 ]

[]
[ 12, 8, 16, 6, 2 ]
[ 12, 8, 16, 6, 2 ]

[ 7, 8, 4, 11 ]
[ 12, 5, 12, 2 ]
[ 7, 3, 15 ]

[ 7, 8, 4, 11, 12, 5, 2 ]
[ 7, 8, 4, 11, 3, 15 ]
[ 7, 8, 4, 11, 12, 5, 2, 3, 15 ]

[ 8, 3 ]
[ 4, 14 ]
[ 16 ]

[ 8, 3, 4, 14 ]
[ 8, 3, 16 ]
[ 8, 3, 4, 14, 16 ]

[ 3 ]
[ 10 ]
[ 17, 10, 16, 7, 1, 17 ]

[ 3, 10 ]
[ 3, 17, 10, 16, 7, 1 ]
[ 3, 10, 17, 16, 7, 1 ]

[ 1, 12, 14, 14 ]
[ 17, 15, 4, 17 ]
[ 3, 16, 0 ]

[ 1, 12, 14, 17, 15, 4 ]
[ 1, 12, 14, 3, 16, 0 ]
[ 1, 12, 14, 17, 15, 4, 3, 16, 0 ]

[ 12, 10, 14 ]
[ 8, 1, 4 ]
[ 11 ]

[ 12, 10, 14, 8, 1, 4 ]
[ 12, 10, 14, 11 ]
[ 12, 10, 14, 8, 1, 4, 11 ]

[]
[]
[ 1, 17, 10, 7, 7 ]

[]
[ 1, 17, 10, 7 ]
[ 1, 17, 10, 7 ]

[]
[]
[ 15, 6, 4, 12, 14, 3 ]

[]
[ 15, 6, 4, 12, 14, 3 ]
[ 15, 6, 4, 12, 14, 3 ]

[]
[]
[ 3, 5, 13, 16 ]

[]
[ 3, 5, 13, 16 ]
[ 3, 5, 13, 16 ]

[ 6, 8 ]
[ 2, 9 ]
[ 8 ]

[ 6, 8, 2, 9 ]
[ 6, 8 ]
[ 6, 8, 2, 9 ]

[]
[]
[ 9, 6, 8, 12, 11 ]

[]
[ 9, 6, 8, 12, 11 ]
[ 9, 6, 8, 12, 11 ]

[]
[]
[ 5, 13, 2, 9 ]

[]
[ 5, 13, 2, 9 ]
[ 5, 13, 2, 9 ]

[]
[]
[ 14 ]

[]
[ 14 ]
[ 14 ]

[ 7 ]
[ 15 ]
[ 7 ]

[ 7, 15 ]
[ 7 ]
[ 7, 15 ]

[ 16, 16, 6 ]
[ 8, 16, 7 ]
[ 2 ]

[ 16, 6, 8, 7 ]
[ 16, 6, 2 ]
[ 16, 6, 8, 7, 2 ]

[ 12, 16, 4 ]
[ 16, 17, 19 ]
[ 19 ]

[ 12, 16, 4, 17, 19 ]
[ 12, 16, 4, 19 ]
[ 12, 16, 4, 17, 19 ]

[ 11, 5, 0 ]
[ 16, 7, 8 ]
[]

[ 11, 5, 0, 16, 7, 8 ]
[ 11, 5, 0 ]
[ 11, 5, 0, 16, 7, 8 ]

[]
[]
[ 9, 10 ]

[]
[ 9, 10 ]
[ 9, 10 ]

[ 12 ]
[ 9 ]
[ 8 ]

[ 12, 9 ]
[ 12, 8 ]
[ 12, 9, 8 ]

[ 17, 10, 15, 9 ]
[ 6, 8, 7, 0 ]
[]

[ 17, 10, 15, 9, 6, 8, 7, 0 ]
[ 17, 10, 15, 9 ]
[ 17, 10, 15, 9, 6, 8, 7, 0 ]

[ 14, 8, 7, 6 ]
[ 10, 6, 7, 16 ]
[ 6, 17, 0, 11, 17, 19 ]

[ 14, 8, 7, 6, 10, 16 ]
[ 14, 8, 7, 6, 17, 0, 11, 19 ]
[ 14, 8, 7, 6, 10, 16, 17, 0, 11, 19 ]

[ 14, 6, 1, 17 ]
[ 3, 15, 14, 7 ]
[ 19, 5, 19, 0, 17 ]

[ 14, 6, 1, 17, 3, 15, 7 ]
[ 14, 6, 1, 17, 19, 5, 0 ]
[ 14, 6, 1, 17, 3, 15, 7, 19, 5, 0 ]

[ 8, 2, 9 ]
[ 18, 19, 10 ]
[ 13, 3 ]

[ 8, 2, 9, 18, 19, 10 ]
[ 8, 2, 9, 13, 3 ]
[ 8, 2, 9, 18, 19, 10, 13, 3 ]

[ 2, 13 ]
[ 14, 6 ]
[ 13, 2, 2, 13, 0 ]

[ 2, 13, 14, 6 ]
[ 2, 13, 0 ]
[ 2, 13, 14, 6, 0 ]

[ 16, 11, 4 ]
[ 13, 4, 7 ]
[ 2, 0, 16, 11, 17 ]

[ 16, 11, 4, 13, 7 ]
[ 16, 11, 4, 2, 0, 17 ]
[ 16, 11, 4, 13, 7, 2, 0, 17 ]

[]
[]
[ 7, 6, 7, 18, 5 ]

[]
[ 7, 6, 18, 5 ]
[ 7, 6, 18, 5 ]

