[ 1, 7, 12, 0, 18, 3, 14, 11, 4 ]
[ 3, 3, 8, 16, 15, 2, 2, 9, 5 ]
[ 8, 10, 5, 15, 6 ]

[ [ 1, 3 ],
  [ 7, 3 ],
  [ 12, 8 ],
  [ 0, 16 ],
  [ 18, 15 ],
  [ 3, 2 ],
  [ 14, 2 ],
  [ 11, 9 ],
  [ 4, 5 ] ]
[ [ 1, 8 ],
  [ 7, 10 ],
  [ 12, 5 ],
  [ 0, 15 ],
  [ 18, 6 ],
  [ 3, undefined ],
  [ 14, undefined ],
  [ 11, undefined ],
  [ 4, undefined ] ]
[ [ 1, 3, 8 ],
  [ 7, 3, 10 ],
  [ 12, 8, 5 ],
  [ 0, 16, 15 ],
  [ 18, 15, 6 ],
  [ 3, 2, undefined ],
  [ 14, 2, undefined ],
  [ 11, 9, undefined ],
  [ 4, 5, undefined ] ]

[ 13, 12, 19, 11, 9, 18, 13, 13, 13 ]
[ 14, 17, 11, 10, 0, 0, 18, 3, 3 ]
[ 15, 12 ]

[ [ 13, 14 ],
  [ 12, 17 ],
  [ 19, 11 ],
  [ 11, 10 ],
  [ 9, 0 ],
  [ 18, 0 ],
  [ 13, 18 ],
  [ 13, 3 ],
  [ 13, 3 ] ]
[ [ 13, 15 ],
  [ 12, 12 ],
  [ 19, undefined ],
  [ 11, undefined ],
  [ 9, undefined ],
  [ 18, undefined ],
  [ 13, undefined ],
  [ 13, undefined ],
  [ 13, undefined ] ]
[ [ 13, 14, 15 ],
  [ 12, 17, 12 ],
  [ 19, 11, undefined ],
  [ 11, 10, undefined ],
  [ 9, 0, undefined ],
  [ 18, 0, undefined ],
  [ 13, 18, undefined ],
  [ 13, 3, undefined ],
  [ 13, 3, undefined ] ]

[ 6, 5, 7, 19 ]
[ 18, 7, 9, 8 ]
[ 10, 8, 15, 17, 13 ]

[ [ 6, 18 ], [ 5, 7 ], [ 7, 9 ], [ 19, 8 ] ]
[ [ 6, 10 ], [ 5, 8 ], [ 7, 15 ], [ 19, 17 ], [ undefined, 13 ] ]
[ [ 6, 18, 10 ],
  [ 5, 7, 8 ],
  [ 7, 9, 15 ],
  [ 19, 8, 17 ],
  [ undefined, undefined, 13 ] ]

[ 15, 7, 5, 0, 18, 16, 15, 19, 4 ]
[ 4, 3, 10, 14, 1, 4, 8, 13, 9 ]
[ 16 ]

[ [ 15, 4 ],
  [ 7, 3 ],
  [ 5, 10 ],
  [ 0, 14 ],
  [ 18, 1 ],
  [ 16, 4 ],
  [ 15, 8 ],
  [ 19, 13 ],
  [ 4, 9 ] ]
[ [ 15, 16 ],
  [ 7, undefined ],
  [ 5, undefined ],
  [ 0, undefined ],
  [ 18, undefined ],
  [ 16, undefined ],
  [ 15, undefined ],
  [ 19, undefined ],
  [ 4, undefined ] ]
[ [ 15, 4, 16 ],
  [ 7, 3, undefined ],
  [ 5, 10, undefined ],
  [ 0, 14, undefined ],
  [ 18, 1, undefined ],
  [ 16, 4, undefined ],
  [ 15, 8, undefined ],
  [ 19, 13, undefined ],
  [ 4, 9, undefined ] ]

[ 6, 0, 5, 18, 14, 5, 16, 11 ]
[ 4, 13, 3, 18, 0, 4, 5, 13 ]
[ 17 ]

[ [ 6, 4 ],
  [ 0, 13 ],
  [ 5, 3 ],
  [ 18, 18 ],
  [ 14, 0 ],
  [ 5, 4 ],
  [ 16, 5 ],
  [ 11, 13 ] ]
[ [ 6, 17 ],
  [ 0, undefined ],
  [ 5, undefined ],
  [ 18, undefined ],
  [ 14, undefined ],
  [ 5, undefined ],
  [ 16, undefined ],
  [ 11, undefined ] ]
[ [ 6, 4, 17 ],
  [ 0, 13, undefined ],
  [ 5, 3, undefined ],
  [ 18, 18, undefined ],
  [ 14, 0, undefined ],
  [ 5, 4, undefined ],
  [ 16, 5, undefined ],
  [ 11, 13, undefined ] ]

[ 9, 7 ]
[ 10, 12 ]
[ 13, 7, 17, 10, 6 ]

[ [ 9, 10 ], [ 7, 12 ] ]
[ [ 9, 13 ],
  [ 7, 7 ],
  [ undefined, 17 ],
  [ undefined, 10 ],
  [ undefined, 6 ] ]
[ [ 9, 10, 13 ],
  [ 7, 12, 7 ],
  [ undefined, undefined, 17 ],
  [ undefined, undefined, 10 ],
  [ undefined, undefined, 6 ] ]

[ 16, 4, 15, 8 ]
[ 2, 16, 6, 10 ]
[ 3, 6, 10 ]

[ [ 16, 2 ], [ 4, 16 ], [ 15, 6 ], [ 8, 10 ] ]
[ [ 16, 3 ], [ 4, 6 ], [ 15, 10 ], [ 8, undefined ] ]
[ [ 16, 2, 3 ],
  [ 4, 16, 6 ],
  [ 15, 6, 10 ],
  [ 8, 10, undefined ] ]

[ 1, 2, 0, 4 ]
[ 5, 19, 14, 12 ]
[ 13 ]

[ [ 1, 5 ], [ 2, 19 ], [ 0, 14 ], [ 4, 12 ] ]
[ [ 1, 13 ],
  [ 2, undefined ],
  [ 0, undefined ],
  [ 4, undefined ] ]
[ [ 1, 5, 13 ],
  [ 2, 19, undefined ],
  [ 0, 14, undefined ],
  [ 4, 12, undefined ] ]

[ 1, 14, 19, 11, 8, 1, 8, 4, 8 ]
[ 10, 8, 18, 14, 1, 16, 5, 2, 14 ]
[ 16 ]

[ [ 1, 10 ],
  [ 14, 8 ],
  [ 19, 18 ],
  [ 11, 14 ],
  [ 8, 1 ],
  [ 1, 16 ],
  [ 8, 5 ],
  [ 4, 2 ],
  [ 8, 14 ] ]
[ [ 1, 16 ],
  [ 14, undefined ],
  [ 19, undefined ],
  [ 11, undefined ],
  [ 8, undefined ],
  [ 1, undefined ],
  [ 8, undefined ],
  [ 4, undefined ],
  [ 8, undefined ] ]
[ [ 1, 10, 16 ],
  [ 14, 8, undefined ],
  [ 19, 18, undefined ],
  [ 11, 14, undefined ],
  [ 8, 1, undefined ],
  [ 1, 16, undefined ],
  [ 8, 5, undefined ],
  [ 4, 2, undefined ],
  [ 8, 14, undefined ] ]

[ 17, 15, 4, 13, 10, 17 ]
[ 0, 6, 15, 7, 11, 10 ]
[ 13 ]

[ [ 17, 0 ],
  [ 15, 6 ],
  [ 4, 15 ],
  [ 13, 7 ],
  [ 10, 11 ],
  [ 17, 10 ] ]
[ [ 17, 13 ],
  [ 15, undefined ],
  [ 4, undefined ],
  [ 13, undefined ],
  [ 10, undefined ],
  [ 17, undefined ] ]
[ [ 17, 0, 13 ],
  [ 15, 6, undefined ],
  [ 4, 15, undefined ],
  [ 13, 7, undefined ],
  [ 10, 11, undefined ],
  [ 17, 10, undefined ] ]

[ 10, 2, 5, 2, 16 ]
[ 2, 2, 17, 4, 4 ]
[ 15 ]

[ [ 10, 2 ], [ 2, 2 ], [ 5, 17 ], [ 2, 4 ], [ 16, 4 ] ]
[ [ 10, 15 ],
  [ 2, undefined ],
  [ 5, undefined ],
  [ 2, undefined ],
  [ 16, undefined ] ]
[ [ 10, 2, 15 ],
  [ 2, 2, undefined ],
  [ 5, 17, undefined ],
  [ 2, 4, undefined ],
  [ 16, 4, undefined ] ]

[ 1, 3, 17 ]
[ 11, 13, 13 ]
[ 10, 7 ]

[ [ 1, 11 ], [ 3, 13 ], [ 17, 13 ] ]
[ [ 1, 10 ], [ 3, 7 ], [ 17, undefined ] ]
[ [ 1, 11, 10 ], [ 3, 13, 7 ], [ 17, 13, undefined ] ]

[ 11, 3 ]
[ 9, 4 ]
[ 4, 5, 15, 6 ]

[ [ 11, 9 ], [ 3, 4 ] ]
[ [ 11, 4 ], [ 3, 5 ], [ undefined, 15 ], [ undefined, 6 ] ]
[ [ 11, 9, 4 ],
  [ 3, 4, 5 ],
  [ undefined, undefined, 15 ],
  [ undefined, undefined, 6 ] ]

[ 17, 13, 7, 6 ]
[ 6, 8, 0, 10 ]
[ 14, 17, 2 ]

[ [ 17, 6 ], [ 13, 8 ], [ 7, 0 ], [ 6, 10 ] ]
[ [ 17, 14 ], [ 13, 17 ], [ 7, 2 ], [ 6, undefined ] ]
[ [ 17, 6, 14 ],
  [ 13, 8, 17 ],
  [ 7, 0, 2 ],
  [ 6, 10, undefined ] ]

[ 15, 12, 16, 14, 2, 9 ]
[ 15, 19, 12, 17, 7, 2 ]
[ 10, 8, 7, 4, 6, 9 ]

[ [ 15, 15 ],
  [ 12, 19 ],
  [ 16, 12 ],
  [ 14, 17 ],
  [ 2, 7 ],
  [ 9, 2 ] ]
[ [ 15, 10 ], [ 12, 8 ], [ 16, 7 ], [ 14, 4 ], [ 2, 6 ], [ 9, 9 ] ]
[ [ 15, 15, 10 ],
  [ 12, 19, 8 ],
  [ 16, 12, 7 ],
  [ 14, 17, 4 ],
  [ 2, 7, 6 ],
  [ 9, 2, 9 ] ]

[ 17, 19, 2 ]
[ 3, 14, 14 ]
[ 13 ]

[ [ 17, 3 ], [ 19, 14 ], [ 2, 14 ] ]
[ [ 17, 13 ], [ 19, undefined ], [ 2, undefined ] ]
[ [ 17, 3, 13 ], [ 19, 14, undefined ], [ 2, 14, undefined ] ]

[ 17, 4, 13, 15, 15 ]
[ 14, 3, 2, 5, 15 ]
[ 7, 14, 12, 11, 17 ]

[ [ 17, 14 ], [ 4, 3 ], [ 13, 2 ], [ 15, 5 ], [ 15, 15 ] ]
[ [ 17, 7 ], [ 4, 14 ], [ 13, 12 ], [ 15, 11 ], [ 15, 17 ] ]
[ [ 17, 14, 7 ],
  [ 4, 3, 14 ],
  [ 13, 2, 12 ],
  [ 15, 5, 11 ],
  [ 15, 15, 17 ] ]

[]
[]
[]

[]
[]
[]

[ 2, 3, 5, 1, 13 ]
[ 3, 3, 9, 13, 1 ]
[]

[ [ 2, 3 ], [ 3, 3 ], [ 5, 9 ], [ 1, 13 ], [ 13, 1 ] ]
[ [ 2, undefined ],
  [ 3, undefined ],
  [ 5, undefined ],
  [ 1, undefined ],
  [ 13, undefined ] ]
[ [ 2, 3, undefined ],
  [ 3, 3, undefined ],
  [ 5, 9, undefined ],
  [ 1, 13, undefined ],
  [ 13, 1, undefined ] ]

[ 8, 7, 15 ]
[ 8, 9, 2 ]
[]

[ [ 8, 8 ], [ 7, 9 ], [ 15, 2 ] ]
[ [ 8, undefined ], [ 7, undefined ], [ 15, undefined ] ]
[ [ 8, 8, undefined ],
  [ 7, 9, undefined ],
  [ 15, 2, undefined ] ]

[ 11, 5, 9, 4, 13, 12 ]
[ 3, 2, 1, 6, 16, 6 ]
[ 3 ]

[ [ 11, 3 ], [ 5, 2 ], [ 9, 1 ], [ 4, 6 ], [ 13, 16 ], [ 12, 6 ] ]
[ [ 11, 3 ],
  [ 5, undefined ],
  [ 9, undefined ],
  [ 4, undefined ],
  [ 13, undefined ],
  [ 12, undefined ] ]
[ [ 11, 3, 3 ],
  [ 5, 2, undefined ],
  [ 9, 1, undefined ],
  [ 4, 6, undefined ],
  [ 13, 16, undefined ],
  [ 12, 6, undefined ] ]

[ 19, 5, 4, 7 ]
[ 10, 5, 18, 8 ]
[ 13, 10, 12, 2, 3 ]

[ [ 19, 10 ], [ 5, 5 ], [ 4, 18 ], [ 7, 8 ] ]
[ [ 19, 13 ], [ 5, 10 ], [ 4, 12 ], [ 7, 2 ], [ undefined, 3 ] ]
[ [ 19, 10, 13 ],
  [ 5, 5, 10 ],
  [ 4, 18, 12 ],
  [ 7, 8, 2 ],
  [ undefined, undefined, 3 ] ]

[ 6, 13, 9, 6 ]
[ 19, 8, 6, 19 ]
[ 9, 0, 6 ]

[ [ 6, 19 ], [ 13, 8 ], [ 9, 6 ], [ 6, 19 ] ]
[ [ 6, 9 ], [ 13, 0 ], [ 9, 6 ], [ 6, undefined ] ]
[ [ 6, 19, 9 ], [ 13, 8, 0 ], [ 9, 6, 6 ], [ 6, 19, undefined ] ]

[ 17, 14, 8, 6, 13, 2, 6, 17 ]
[ 12, 0, 0, 1, 9, 4, 7, 10 ]
[]

[ [ 17, 12 ],
  [ 14, 0 ],
  [ 8, 0 ],
  [ 6, 1 ],
  [ 13, 9 ],
  [ 2, 4 ],
  [ 6, 7 ],
  [ 17, 10 ] ]
[ [ 17, undefined ],
  [ 14, undefined ],
  [ 8, undefined ],
  [ 6, undefined ],
  [ 13, undefined ],
  [ 2, undefined ],
  [ 6, undefined ],
  [ 17, undefined ] ]
[ [ 17, 12, undefined ],
  [ 14, 0, undefined ],
  [ 8, 0, undefined ],
  [ 6, 1, undefined ],
  [ 13, 9, undefined ],
  [ 2, 4, undefined ],
  [ 6, 7, undefined ],
  [ 17, 10, undefined ] ]

[ 0 ]
[ 3 ]
[ 15, 8, 18, 4, 10, 5 ]

[ [ 0, 3 ] ]
[ [ 0, 15 ],
  [ undefined, 8 ],
  [ undefined, 18 ],
  [ undefined, 4 ],
  [ undefined, 10 ],
  [ undefined, 5 ] ]
[ [ 0, 3, 15 ],
  [ undefined, undefined, 8 ],
  [ undefined, undefined, 18 ],
  [ undefined, undefined, 4 ],
  [ undefined, undefined, 10 ],
  [ undefined, undefined, 5 ] ]

[ 18, 16, 9, 10 ]
[ 4, 9, 19, 18 ]
[ 7, 19, 19, 10 ]

[ [ 18, 4 ], [ 16, 9 ], [ 9, 19 ], [ 10, 18 ] ]
[ [ 18, 7 ], [ 16, 19 ], [ 9, 19 ], [ 10, 10 ] ]
[ [ 18, 4, 7 ], [ 16, 9, 19 ], [ 9, 19, 19 ], [ 10, 18, 10 ] ]

[ 12, 17 ]
[ 6, 15 ]
[ 3 ]

[ [ 12, 6 ], [ 17, 15 ] ]
[ [ 12, 3 ], [ 17, undefined ] ]
[ [ 12, 6, 3 ], [ 17, 15, undefined ] ]

[ 4 ]
[ 7 ]
[ 2, 3 ]

[ [ 4, 7 ] ]
[ [ 4, 2 ], [ undefined, 3 ] ]
[ [ 4, 7, 2 ], [ undefined, undefined, 3 ] ]

[ 12, 0, 18, 1, 14 ]
[ 4, 14, 17, 19, 4 ]
[ 16, 9, 13, 14 ]

[ [ 12, 4 ], [ 0, 14 ], [ 18, 17 ], [ 1, 19 ], [ 14, 4 ] ]
[ [ 12, 16 ], [ 0, 9 ], [ 18, 13 ], [ 1, 14 ], [ 14, undefined ] ]
[ [ 12, 4, 16 ],
  [ 0, 14, 9 ],
  [ 18, 17, 13 ],
  [ 1, 19, 14 ],
  [ 14, 4, undefined ] ]

[ 15, 1, 18, 18, 13 ]
[ 18, 7, 12, 0, 9 ]
[ 10, 15 ]

[ [ 15, 18 ], [ 1, 7 ], [ 18, 12 ], [ 18, 0 ], [ 13, 9 ] ]
[ [ 15, 10 ],
  [ 1, 15 ],
  [ 18, undefined ],
  [ 18, undefined ],
  [ 13, undefined ] ]
[ [ 15, 18, 10 ],
  [ 1, 7, 15 ],
  [ 18, 12, undefined ],
  [ 18, 0, undefined ],
  [ 13, 9, undefined ] ]

[ 17, 6, 10, 15, 15, 18 ]
[ 18, 15, 5, 17, 18, 1 ]
[ 12, 17, 9, 11 ]

[ [ 17, 18 ],
  [ 6, 15 ],
  [ 10, 5 ],
  [ 15, 17 ],
  [ 15, 18 ],
  [ 18, 1 ] ]
[ [ 17, 12 ],
  [ 6, 17 ],
  [ 10, 9 ],
  [ 15, 11 ],
  [ 15, undefined ],
  [ 18, undefined ] ]
[ [ 17, 18, 12 ],
  [ 6, 15, 17 ],
  [ 10, 5, 9 ],
  [ 15, 17, 11 ],
  [ 15, 18, undefined ],
  [ 18, 1, undefined ] ]

[ 18, 4 ]
[ 10, 4 ]
[ 14, 19 ]

[ [ 18, 10 ], [ 4, 4 ] ]
[ [ 18, 14 ], [ 4, 19 ] ]
[ [ 18, 10, 14 ], [ 4, 4, 19 ] ]

[ 16, 18, 3, 12, 10, 13, 10, 19 ]
[ 4, 16, 5, 13, 19, 3, 10, 14 ]
[ 10, 5, 16, 17, 9 ]

[ [ 16, 4 ],
  [ 18, 16 ],
  [ 3, 5 ],
  [ 12, 13 ],
  [ 10, 19 ],
  [ 13, 3 ],
  [ 10, 10 ],
  [ 19, 14 ] ]
[ [ 16, 10 ],
  [ 18, 5 ],
  [ 3, 16 ],
  [ 12, 17 ],
  [ 10, 9 ],
  [ 13, undefined ],
  [ 10, undefined ],
  [ 19, undefined ] ]
[ [ 16, 4, 10 ],
  [ 18, 16, 5 ],
  [ 3, 5, 16 ],
  [ 12, 13, 17 ],
  [ 10, 19, 9 ],
  [ 13, 3, undefined ],
  [ 10, 10, undefined ],
  [ 19, 14, undefined ] ]

[]
[]
[ 1, 18, 17 ]

[]
[ [ undefined, 1 ], [ undefined, 18 ], [ undefined, 17 ] ]
[ [ undefined, undefined, 1 ],
  [ undefined, undefined, 18 ],
  [ undefined, undefined, 17 ] ]

[ 15, 14, 14, 15, 4, 1, 19, 19 ]
[ 7, 13, 2, 9, 10, 15, 9, 8 ]
[ 1, 8, 17, 16, 14, 14 ]

[ [ 15, 7 ],
  [ 14, 13 ],
  [ 14, 2 ],
  [ 15, 9 ],
  [ 4, 10 ],
  [ 1, 15 ],
  [ 19, 9 ],
  [ 19, 8 ] ]
[ [ 15, 1 ],
  [ 14, 8 ],
  [ 14, 17 ],
  [ 15, 16 ],
  [ 4, 14 ],
  [ 1, 14 ],
  [ 19, undefined ],
  [ 19, undefined ] ]
[ [ 15, 7, 1 ],
  [ 14, 13, 8 ],
  [ 14, 2, 17 ],
  [ 15, 9, 16 ],
  [ 4, 10, 14 ],
  [ 1, 15, 14 ],
  [ 19, 9, undefined ],
  [ 19, 8, undefined ] ]

[ 12, 1, 8, 3 ]
[ 18, 1, 7, 11 ]
[]

[ [ 12, 18 ], [ 1, 1 ], [ 8, 7 ], [ 3, 11 ] ]
[ [ 12, undefined ],
  [ 1, undefined ],
  [ 8, undefined ],
  [ 3, undefined ] ]
[ [ 12, 18, undefined ],
  [ 1, 1, undefined ],
  [ 8, 7, undefined ],
  [ 3, 11, undefined ] ]

[ 6, 3, 6, 18, 5, 8, 0, 1 ]
[ 9, 2, 16, 0, 15, 1, 19, 4 ]
[ 11, 6 ]

[ [ 6, 9 ],
  [ 3, 2 ],
  [ 6, 16 ],
  [ 18, 0 ],
  [ 5, 15 ],
  [ 8, 1 ],
  [ 0, 19 ],
  [ 1, 4 ] ]
[ [ 6, 11 ],
  [ 3, 6 ],
  [ 6, undefined ],
  [ 18, undefined ],
  [ 5, undefined ],
  [ 8, undefined ],
  [ 0, undefined ],
  [ 1, undefined ] ]
[ [ 6, 9, 11 ],
  [ 3, 2, 6 ],
  [ 6, 16, undefined ],
  [ 18, 0, undefined ],
  [ 5, 15, undefined ],
  [ 8, 1, undefined ],
  [ 0, 19, undefined ],
  [ 1, 4, undefined ] ]

[ 18, 2, 13 ]
[ 1, 13, 0 ]
[ 15, 13 ]

[ [ 18, 1 ], [ 2, 13 ], [ 13, 0 ] ]
[ [ 18, 15 ], [ 2, 13 ], [ 13, undefined ] ]
[ [ 18, 1, 15 ], [ 2, 13, 13 ], [ 13, 0, undefined ] ]

[ 13, 15, 11, 13, 13 ]
[ 4, 10, 19, 2, 3 ]
[ 5, 17, 0, 19, 16 ]

[ [ 13, 4 ], [ 15, 10 ], [ 11, 19 ], [ 13, 2 ], [ 13, 3 ] ]
[ [ 13, 5 ], [ 15, 17 ], [ 11, 0 ], [ 13, 19 ], [ 13, 16 ] ]
[ [ 13, 4, 5 ],
  [ 15, 10, 17 ],
  [ 11, 19, 0 ],
  [ 13, 2, 19 ],
  [ 13, 3, 16 ] ]

[ 14, 6, 7, 6, 11, 4, 16, 3, 10 ]
[ 13, 15, 0, 8, 17, 10, 17, 4, 19 ]
[]

[ [ 14, 13 ],
  [ 6, 15 ],
  [ 7, 0 ],
  [ 6, 8 ],
  [ 11, 17 ],
  [ 4, 10 ],
  [ 16, 17 ],
  [ 3, 4 ],
  [ 10, 19 ] ]
[ [ 14, undefined ],
  [ 6, undefined ],
  [ 7, undefined ],
  [ 6, undefined ],
  [ 11, undefined ],
  [ 4, undefined ],
  [ 16, undefined ],
  [ 3, undefined ],
  [ 10, undefined ] ]
[ [ 14, 13, undefined ],
  [ 6, 15, undefined ],
  [ 7, 0, undefined ],
  [ 6, 8, undefined ],
  [ 11, 17, undefined ],
  [ 4, 10, undefined ],
  [ 16, 17, undefined ],
  [ 3, 4, undefined ],
  [ 10, 19, undefined ] ]

[ 10, 12, 18, 14, 5 ]
[ 12, 3, 1, 19, 14 ]
[ 17, 11 ]

[ [ 10, 12 ], [ 12, 3 ], [ 18, 1 ], [ 14, 19 ], [ 5, 14 ] ]
[ [ 10, 17 ],
  [ 12, 11 ],
  [ 18, undefined ],
  [ 14, undefined ],
  [ 5, undefined ] ]
[ [ 10, 12, 17 ],
  [ 12, 3, 11 ],
  [ 18, 1, undefined ],
  [ 14, 19, undefined ],
  [ 5, 14, undefined ] ]

[ 6, 10, 15, 14, 19, 7, 12 ]
[ 0, 9, 1, 10, 5, 11, 11 ]
[ 19, 19, 16 ]

[ [ 6, 0 ],
  [ 10, 9 ],
  [ 15, 1 ],
  [ 14, 10 ],
  [ 19, 5 ],
  [ 7, 11 ],
  [ 12, 11 ] ]
[ [ 6, 19 ],
  [ 10, 19 ],
  [ 15, 16 ],
  [ 14, undefined ],
  [ 19, undefined ],
  [ 7, undefined ],
  [ 12, undefined ] ]
[ [ 6, 0, 19 ],
  [ 10, 9, 19 ],
  [ 15, 1, 16 ],
  [ 14, 10, undefined ],
  [ 19, 5, undefined ],
  [ 7, 11, undefined ],
  [ 12, 11, undefined ] ]

[ 15, 9, 3 ]
[ 9, 12, 18 ]
[ 11, 15, 12, 2, 16 ]

[ [ 15, 9 ], [ 9, 12 ], [ 3, 18 ] ]
[ [ 15, 11 ],
  [ 9, 15 ],
  [ 3, 12 ],
  [ undefined, 2 ],
  [ undefined, 16 ] ]
[ [ 15, 9, 11 ],
  [ 9, 12, 15 ],
  [ 3, 18, 12 ],
  [ undefined, undefined, 2 ],
  [ undefined, undefined, 16 ] ]

[ 19, 15 ]
[ 11, 14 ]
[ 18, 5, 5 ]

[ [ 19, 11 ], [ 15, 14 ] ]
[ [ 19, 18 ], [ 15, 5 ], [ undefined, 5 ] ]
[ [ 19, 11, 18 ], [ 15, 14, 5 ], [ undefined, undefined, 5 ] ]

[ 4, 5, 6, 1, 10, 8 ]
[ 3, 4, 3, 19, 0, 11 ]
[ 8, 8 ]

[ [ 4, 3 ], [ 5, 4 ], [ 6, 3 ], [ 1, 19 ], [ 10, 0 ], [ 8, 11 ] ]
[ [ 4, 8 ],
  [ 5, 8 ],
  [ 6, undefined ],
  [ 1, undefined ],
  [ 10, undefined ],
  [ 8, undefined ] ]
[ [ 4, 3, 8 ],
  [ 5, 4, 8 ],
  [ 6, 3, undefined ],
  [ 1, 19, undefined ],
  [ 10, 0, undefined ],
  [ 8, 11, undefined ] ]

[ 19 ]
[ 14 ]
[]

[ [ 19, 14 ] ]
[ [ 19, undefined ] ]
[ [ 19, 14, undefined ] ]

[ 12, 0, 1, 5, 2, 18 ]
[ 8, 12, 0, 10, 0, 1 ]
[ 13, 0, 10, 5, 17 ]

[ [ 12, 8 ], [ 0, 12 ], [ 1, 0 ], [ 5, 10 ], [ 2, 0 ], [ 18, 1 ] ]
[ [ 12, 13 ],
  [ 0, 0 ],
  [ 1, 10 ],
  [ 5, 5 ],
  [ 2, 17 ],
  [ 18, undefined ] ]
[ [ 12, 8, 13 ],
  [ 0, 12, 0 ],
  [ 1, 0, 10 ],
  [ 5, 10, 5 ],
  [ 2, 0, 17 ],
  [ 18, 1, undefined ] ]

[ 0, 0, 3, 8, 12, 13, 14, 18, 10 ]
[ 9, 14, 16, 9, 7, 8, 16, 18, 3 ]
[]

[ [ 0, 9 ],
  [ 0, 14 ],
  [ 3, 16 ],
  [ 8, 9 ],
  [ 12, 7 ],
  [ 13, 8 ],
  [ 14, 16 ],
  [ 18, 18 ],
  [ 10, 3 ] ]
[ [ 0, undefined ],
  [ 0, undefined ],
  [ 3, undefined ],
  [ 8, undefined ],
  [ 12, undefined ],
  [ 13, undefined ],
  [ 14, undefined ],
  [ 18, undefined ],
  [ 10, undefined ] ]
[ [ 0, 9, undefined ],
  [ 0, 14, undefined ],
  [ 3, 16, undefined ],
  [ 8, 9, undefined ],
  [ 12, 7, undefined ],
  [ 13, 8, undefined ],
  [ 14, 16, undefined ],
  [ 18, 18, undefined ],
  [ 10, 3, undefined ] ]

[]
[]
[ 9, 15 ]

[]
[ [ undefined, 9 ], [ undefined, 15 ] ]
[ [ undefined, undefined, 9 ], [ undefined, undefined, 15 ] ]

[ 3, 19, 17 ]
[ 1, 6, 3 ]
[ 19, 16, 10, 12, 12, 2 ]

[ [ 3, 1 ], [ 19, 6 ], [ 17, 3 ] ]
[ [ 3, 19 ],
  [ 19, 16 ],
  [ 17, 10 ],
  [ undefined, 12 ],
  [ undefined, 12 ],
  [ undefined, 2 ] ]
[ [ 3, 1, 19 ],
  [ 19, 6, 16 ],
  [ 17, 3, 10 ],
  [ undefined, undefined, 12 ],
  [ undefined, undefined, 12 ],
  [ undefined, undefined, 2 ] ]

[ 5 ]
[ 4 ]
[]

[ [ 5, 4 ] ]
[ [ 5, undefined ] ]
[ [ 5, 4, undefined ] ]

[ 10, 5, 0, 18 ]
[ 4, 16, 11, 13 ]
[ 19, 1, 10 ]

[ [ 10, 4 ], [ 5, 16 ], [ 0, 11 ], [ 18, 13 ] ]
[ [ 10, 19 ], [ 5, 1 ], [ 0, 10 ], [ 18, undefined ] ]
[ [ 10, 4, 19 ],
  [ 5, 16, 1 ],
  [ 0, 11, 10 ],
  [ 18, 13, undefined ] ]

[ 15, 7, 17, 11, 16, 8, 15, 10, 13 ]
[ 6, 19, 18, 15, 18, 14, 12, 2, 16 ]
[ 17 ]

[ [ 15, 6 ],
  [ 7, 19 ],
  [ 17, 18 ],
  [ 11, 15 ],
  [ 16, 18 ],
  [ 8, 14 ],
  [ 15, 12 ],
  [ 10, 2 ],
  [ 13, 16 ] ]
[ [ 15, 17 ],
  [ 7, undefined ],
  [ 17, undefined ],
  [ 11, undefined ],
  [ 16, undefined ],
  [ 8, undefined ],
  [ 15, undefined ],
  [ 10, undefined ],
  [ 13, undefined ] ]
[ [ 15, 6, 17 ],
  [ 7, 19, undefined ],
  [ 17, 18, undefined ],
  [ 11, 15, undefined ],
  [ 16, 18, undefined ],
  [ 8, 14, undefined ],
  [ 15, 12, undefined ],
  [ 10, 2, undefined ],
  [ 13, 16, undefined ] ]

[]
[]
[ 15 ]

[]
[ [ undefined, 15 ] ]
[ [ undefined, undefined, 15 ] ]

[]
[]
[ 3, 10, 14, 16 ]

[]
[ [ undefined, 3 ],
  [ undefined, 10 ],
  [ undefined, 14 ],
  [ undefined, 16 ] ]
[ [ undefined, undefined, 3 ],
  [ undefined, undefined, 10 ],
  [ undefined, undefined, 14 ],
  [ undefined, undefined, 16 ] ]

[ 6 ]
[ 15 ]
[ 1, 8, 14, 14, 18 ]

[ [ 6, 15 ] ]
[ [ 6, 1 ],
  [ undefined, 8 ],
  [ undefined, 14 ],
  [ undefined, 14 ],
  [ undefined, 18 ] ]
[ [ 6, 15, 1 ],
  [ undefined, undefined, 8 ],
  [ undefined, undefined, 14 ],
  [ undefined, undefined, 14 ],
  [ undefined, undefined, 18 ] ]

[ 8, 16, 13, 2, 10, 11, 7, 13, 17 ]
[ 14, 4, 2, 0, 19, 2, 15, 1, 12 ]
[]

[ [ 8, 14 ],
  [ 16, 4 ],
  [ 13, 2 ],
  [ 2, 0 ],
  [ 10, 19 ],
  [ 11, 2 ],
  [ 7, 15 ],
  [ 13, 1 ],
  [ 17, 12 ] ]
[ [ 8, undefined ],
  [ 16, undefined ],
  [ 13, undefined ],
  [ 2, undefined ],
  [ 10, undefined ],
  [ 11, undefined ],
  [ 7, undefined ],
  [ 13, undefined ],
  [ 17, undefined ] ]
[ [ 8, 14, undefined ],
  [ 16, 4, undefined ],
  [ 13, 2, undefined ],
  [ 2, 0, undefined ],
  [ 10, 19, undefined ],
  [ 11, 2, undefined ],
  [ 7, 15, undefined ],
  [ 13, 1, undefined ],
  [ 17, 12, undefined ] ]

[ 11, 18, 17, 13, 2, 14, 1, 4, 14 ]
[ 0, 10, 17, 13, 13, 14, 18, 3, 11 ]
[]

[ [ 11, 0 ],
  [ 18, 10 ],
  [ 17, 17 ],
  [ 13, 13 ],
  [ 2, 13 ],
  [ 14, 14 ],
  [ 1, 18 ],
  [ 4, 3 ],
  [ 14, 11 ] ]
[ [ 11, undefined ],
  [ 18, undefined ],
  [ 17, undefined ],
  [ 13, undefined ],
  [ 2, undefined ],
  [ 14, undefined ],
  [ 1, undefined ],
  [ 4, undefined ],
  [ 14, undefined ] ]
[ [ 11, 0, undefined ],
  [ 18, 10, undefined ],
  [ 17, 17, undefined ],
  [ 13, 13, undefined ],
  [ 2, 13, undefined ],
  [ 14, 14, undefined ],
  [ 1, 18, undefined ],
  [ 4, 3, undefined ],
  [ 14, 11, undefined ] ]

[ 7, 1, 16, 18, 7, 1, 4 ]
[ 0, 5, 12, 3, 3, 10, 0 ]
[ 3, 7, 3, 10, 15, 2 ]

[ [ 7, 0 ],
  [ 1, 5 ],
  [ 16, 12 ],
  [ 18, 3 ],
  [ 7, 3 ],
  [ 1, 10 ],
  [ 4, 0 ] ]
[ [ 7, 3 ],
  [ 1, 7 ],
  [ 16, 3 ],
  [ 18, 10 ],
  [ 7, 15 ],
  [ 1, 2 ],
  [ 4, undefined ] ]
[ [ 7, 0, 3 ],
  [ 1, 5, 7 ],
  [ 16, 12, 3 ],
  [ 18, 3, 10 ],
  [ 7, 3, 15 ],
  [ 1, 10, 2 ],
  [ 4, 0, undefined ] ]

[ 18, 12, 9, 3, 19, 3, 10, 10 ]
[ 11, 10, 16, 15, 6, 10, 13, 10 ]
[ 8, 15, 19, 13 ]

[ [ 18, 11 ],
  [ 12, 10 ],
  [ 9, 16 ],
  [ 3, 15 ],
  [ 19, 6 ],
  [ 3, 10 ],
  [ 10, 13 ],
  [ 10, 10 ] ]
[ [ 18, 8 ],
  [ 12, 15 ],
  [ 9, 19 ],
  [ 3, 13 ],
  [ 19, undefined ],
  [ 3, undefined ],
  [ 10, undefined ],
  [ 10, undefined ] ]
[ [ 18, 11, 8 ],
  [ 12, 10, 15 ],
  [ 9, 16, 19 ],
  [ 3, 15, 13 ],
  [ 19, 6, undefined ],
  [ 3, 10, undefined ],
  [ 10, 13, undefined ],
  [ 10, 10, undefined ] ]

[ 14, 10, 19, 0, 10, 16, 15, 17 ]
[ 5, 3, 18, 0, 6, 15, 5, 10 ]
[ 2, 19, 13, 16, 7 ]

[ [ 14, 5 ],
  [ 10, 3 ],
  [ 19, 18 ],
  [ 0, 0 ],
  [ 10, 6 ],
  [ 16, 15 ],
  [ 15, 5 ],
  [ 17, 10 ] ]
[ [ 14, 2 ],
  [ 10, 19 ],
  [ 19, 13 ],
  [ 0, 16 ],
  [ 10, 7 ],
  [ 16, undefined ],
  [ 15, undefined ],
  [ 17, undefined ] ]
[ [ 14, 5, 2 ],
  [ 10, 3, 19 ],
  [ 19, 18, 13 ],
  [ 0, 0, 16 ],
  [ 10, 6, 7 ],
  [ 16, 15, undefined ],
  [ 15, 5, undefined ],
  [ 17, 10, undefined ] ]

[ 17, 1 ]
[ 1, 12 ]
[ 15, 16, 18, 5, 9, 16 ]

[ [ 17, 1 ], [ 1, 12 ] ]
[ [ 17, 15 ],
  [ 1, 16 ],
  [ undefined, 18 ],
  [ undefined, 5 ],
  [ undefined, 9 ],
  [ undefined, 16 ] ]
[ [ 17, 1, 15 ],
  [ 1, 12, 16 ],
  [ undefined, undefined, 18 ],
  [ undefined, undefined, 5 ],
  [ undefined, undefined, 9 ],
  [ undefined, undefined, 16 ] ]

[ 12, 3, 16, 7, 5, 5, 0, 7 ]
[ 7, 13, 4, 10, 15, 11, 19, 8 ]
[ 6, 1, 11, 13, 1 ]

[ [ 12, 7 ],
  [ 3, 13 ],
  [ 16, 4 ],
  [ 7, 10 ],
  [ 5, 15 ],
  [ 5, 11 ],
  [ 0, 19 ],
  [ 7, 8 ] ]
[ [ 12, 6 ],
  [ 3, 1 ],
  [ 16, 11 ],
  [ 7, 13 ],
  [ 5, 1 ],
  [ 5, undefined ],
  [ 0, undefined ],
  [ 7, undefined ] ]
[ [ 12, 7, 6 ],
  [ 3, 13, 1 ],
  [ 16, 4, 11 ],
  [ 7, 10, 13 ],
  [ 5, 15, 1 ],
  [ 5, 11, undefined ],
  [ 0, 19, undefined ],
  [ 7, 8, undefined ] ]

[ 5, 1, 1, 3, 3, 6 ]
[ 19, 4, 6, 16, 19, 15 ]
[]

[ [ 5, 19 ], [ 1, 4 ], [ 1, 6 ], [ 3, 16 ], [ 3, 19 ], [ 6, 15 ] ]
[ [ 5, undefined ],
  [ 1, undefined ],
  [ 1, undefined ],
  [ 3, undefined ],
  [ 3, undefined ],
  [ 6, undefined ] ]
[ [ 5, 19, undefined ],
  [ 1, 4, undefined ],
  [ 1, 6, undefined ],
  [ 3, 16, undefined ],
  [ 3, 19, undefined ],
  [ 6, 15, undefined ] ]

[ 13, 7, 14, 6, 6, 4, 19, 12, 19 ]
[ 16, 9, 15, 6, 2, 10, 2, 3, 7 ]
[ 18 ]

[ [ 13, 16 ],
  [ 7, 9 ],
  [ 14, 15 ],
  [ 6, 6 ],
  [ 6, 2 ],
  [ 4, 10 ],
  [ 19, 2 ],
  [ 12, 3 ],
  [ 19, 7 ] ]
[ [ 13, 18 ],
  [ 7, undefined ],
  [ 14, undefined ],
  [ 6, undefined ],
  [ 6, undefined ],
  [ 4, undefined ],
  [ 19, undefined ],
  [ 12, undefined ],
  [ 19, undefined ] ]
[ [ 13, 16, 18 ],
  [ 7, 9, undefined ],
  [ 14, 15, undefined ],
  [ 6, 6, undefined ],
  [ 6, 2, undefined ],
  [ 4, 10, undefined ],
  [ 19, 2, undefined ],
  [ 12, 3, undefined ],
  [ 19, 7, undefined ] ]

[ 1, 18, 2, 9, 6 ]
[ 18, 5, 0, 19, 7 ]
[ 13, 3, 15, 13, 10 ]

[ [ 1, 18 ], [ 18, 5 ], [ 2, 0 ], [ 9, 19 ], [ 6, 7 ] ]
[ [ 1, 13 ], [ 18, 3 ], [ 2, 15 ], [ 9, 13 ], [ 6, 10 ] ]
[ [ 1, 18, 13 ],
  [ 18, 5, 3 ],
  [ 2, 0, 15 ],
  [ 9, 19, 13 ],
  [ 6, 7, 10 ] ]

[ 8, 15, 14 ]
[ 14, 11, 6 ]
[]

[ [ 8, 14 ], [ 15, 11 ], [ 14, 6 ] ]
[ [ 8, undefined ], [ 15, undefined ], [ 14, undefined ] ]
[ [ 8, 14, undefined ],
  [ 15, 11, undefined ],
  [ 14, 6, undefined ] ]

[ 2, 2, 3, 4, 0, 19, 18, 19 ]
[ 10, 4, 9, 6, 7, 12, 18, 9 ]
[ 12, 18, 15, 15, 18, 3 ]

[ [ 2, 10 ],
  [ 2, 4 ],
  [ 3, 9 ],
  [ 4, 6 ],
  [ 0, 7 ],
  [ 19, 12 ],
  [ 18, 18 ],
  [ 19, 9 ] ]
[ [ 2, 12 ],
  [ 2, 18 ],
  [ 3, 15 ],
  [ 4, 15 ],
  [ 0, 18 ],
  [ 19, 3 ],
  [ 18, undefined ],
  [ 19, undefined ] ]
[ [ 2, 10, 12 ],
  [ 2, 4, 18 ],
  [ 3, 9, 15 ],
  [ 4, 6, 15 ],
  [ 0, 7, 18 ],
  [ 19, 12, 3 ],
  [ 18, 18, undefined ],
  [ 19, 9, undefined ] ]

[]
[]
[ 13, 1 ]

[]
[ [ undefined, 13 ], [ undefined, 1 ] ]
[ [ undefined, undefined, 13 ], [ undefined, undefined, 1 ] ]

[]
[]
[]

[]
[]
[]

[ 1, 0, 13, 3, 3, 13, 15, 14, 6 ]
[ 18, 4, 0, 8, 2, 1, 3, 18, 11 ]
[ 12, 9, 3, 15, 10, 4 ]

[ [ 1, 18 ],
  [ 0, 4 ],
  [ 13, 0 ],
  [ 3, 8 ],
  [ 3, 2 ],
  [ 13, 1 ],
  [ 15, 3 ],
  [ 14, 18 ],
  [ 6, 11 ] ]
[ [ 1, 12 ],
  [ 0, 9 ],
  [ 13, 3 ],
  [ 3, 15 ],
  [ 3, 10 ],
  [ 13, 4 ],
  [ 15, undefined ],
  [ 14, undefined ],
  [ 6, undefined ] ]
[ [ 1, 18, 12 ],
  [ 0, 4, 9 ],
  [ 13, 0, 3 ],
  [ 3, 8, 15 ],
  [ 3, 2, 10 ],
  [ 13, 1, 4 ],
  [ 15, 3, undefined ],
  [ 14, 18, undefined ],
  [ 6, 11, undefined ] ]

[ 0, 15, 16, 11, 13, 4, 15, 17 ]
[ 3, 4, 9, 11, 9, 16, 4, 17 ]
[ 10, 12, 0, 17, 4, 9 ]

[ [ 0, 3 ],
  [ 15, 4 ],
  [ 16, 9 ],
  [ 11, 11 ],
  [ 13, 9 ],
  [ 4, 16 ],
  [ 15, 4 ],
  [ 17, 17 ] ]
[ [ 0, 10 ],
  [ 15, 12 ],
  [ 16, 0 ],
  [ 11, 17 ],
  [ 13, 4 ],
  [ 4, 9 ],
  [ 15, undefined ],
  [ 17, undefined ] ]
[ [ 0, 3, 10 ],
  [ 15, 4, 12 ],
  [ 16, 9, 0 ],
  [ 11, 11, 17 ],
  [ 13, 9, 4 ],
  [ 4, 16, 9 ],
  [ 15, 4, undefined ],
  [ 17, 17, undefined ] ]

[ 12, 2, 19, 2, 1, 2, 8, 6 ]
[ 14, 13, 17, 18, 11, 0, 13, 4 ]
[ 3, 15, 19, 19 ]

[ [ 12, 14 ],
  [ 2, 13 ],
  [ 19, 17 ],
  [ 2, 18 ],
  [ 1, 11 ],
  [ 2, 0 ],
  [ 8, 13 ],
  [ 6, 4 ] ]
[ [ 12, 3 ],
  [ 2, 15 ],
  [ 19, 19 ],
  [ 2, 19 ],
  [ 1, undefined ],
  [ 2, undefined ],
  [ 8, undefined ],
  [ 6, undefined ] ]
[ [ 12, 14, 3 ],
  [ 2, 13, 15 ],
  [ 19, 17, 19 ],
  [ 2, 18, 19 ],
  [ 1, 11, undefined ],
  [ 2, 0, undefined ],
  [ 8, 13, undefined ],
  [ 6, 4, undefined ] ]

[ 4, 9, 3, 8, 10, 17, 16, 15, 0 ]
[ 1, 9, 7, 2, 5, 7, 13, 10, 11 ]
[ 0, 13, 11 ]

[ [ 4, 1 ],
  [ 9, 9 ],
  [ 3, 7 ],
  [ 8, 2 ],
  [ 10, 5 ],
  [ 17, 7 ],
  [ 16, 13 ],
  [ 15, 10 ],
  [ 0, 11 ] ]
[ [ 4, 0 ],
  [ 9, 13 ],
  [ 3, 11 ],
  [ 8, undefined ],
  [ 10, undefined ],
  [ 17, undefined ],
  [ 16, undefined ],
  [ 15, undefined ],
  [ 0, undefined ] ]
[ [ 4, 1, 0 ],
  [ 9, 9, 13 ],
  [ 3, 7, 11 ],
  [ 8, 2, undefined ],
  [ 10, 5, undefined ],
  [ 17, 7, undefined ],
  [ 16, 13, undefined ],
  [ 15, 10, undefined ],
  [ 0, 11, undefined ] ]

[ 2, 12, 10, 14, 3 ]
[ 1, 14, 4, 18, 12 ]
[ 12, 10, 12, 15, 3 ]

[ [ 2, 1 ], [ 12, 14 ], [ 10, 4 ], [ 14, 18 ], [ 3, 12 ] ]
[ [ 2, 12 ], [ 12, 10 ], [ 10, 12 ], [ 14, 15 ], [ 3, 3 ] ]
[ [ 2, 1, 12 ],
  [ 12, 14, 10 ],
  [ 10, 4, 12 ],
  [ 14, 18, 15 ],
  [ 3, 12, 3 ] ]

[ 19, 12, 6, 2, 7, 13, 15 ]
[ 8, 1, 5, 9, 18, 11, 16 ]
[ 12, 16, 4, 7, 14 ]

[ [ 19, 8 ],
  [ 12, 1 ],
  [ 6, 5 ],
  [ 2, 9 ],
  [ 7, 18 ],
  [ 13, 11 ],
  [ 15, 16 ] ]
[ [ 19, 12 ],
  [ 12, 16 ],
  [ 6, 4 ],
  [ 2, 7 ],
  [ 7, 14 ],
  [ 13, undefined ],
  [ 15, undefined ] ]
[ [ 19, 8, 12 ],
  [ 12, 1, 16 ],
  [ 6, 5, 4 ],
  [ 2, 9, 7 ],
  [ 7, 18, 14 ],
  [ 13, 11, undefined ],
  [ 15, 16, undefined ] ]

[ 17 ]
[ 16 ]
[ 10, 7, 3 ]

[ [ 17, 16 ] ]
[ [ 17, 10 ], [ undefined, 7 ], [ undefined, 3 ] ]
[ [ 17, 16, 10 ],
  [ undefined, undefined, 7 ],
  [ undefined, undefined, 3 ] ]

[ 12 ]
[ 7 ]
[ 16, 19, 17, 12, 5 ]

[ [ 12, 7 ] ]
[ [ 12, 16 ],
  [ undefined, 19 ],
  [ undefined, 17 ],
  [ undefined, 12 ],
  [ undefined, 5 ] ]
[ [ 12, 7, 16 ],
  [ undefined, undefined, 19 ],
  [ undefined, undefined, 17 ],
  [ undefined, undefined, 12 ],
  [ undefined, undefined, 5 ] ]

[ 9 ]
[ 6 ]
[ 5 ]

[ [ 9, 6 ] ]
[ [ 9, 5 ] ]
[ [ 9, 6, 5 ] ]

[ 12 ]
[ 15 ]
[ 4, 16, 1 ]

[ [ 12, 15 ] ]
[ [ 12, 4 ], [ undefined, 16 ], [ undefined, 1 ] ]
[ [ 12, 15, 4 ],
  [ undefined, undefined, 16 ],
  [ undefined, undefined, 1 ] ]

[ 4, 9, 0, 17, 3, 19, 4 ]
[ 10, 11, 4, 18, 15, 17, 16 ]
[ 5, 5, 1, 7, 19 ]

[ [ 4, 10 ],
  [ 9, 11 ],
  [ 0, 4 ],
  [ 17, 18 ],
  [ 3, 15 ],
  [ 19, 17 ],
  [ 4, 16 ] ]
[ [ 4, 5 ],
  [ 9, 5 ],
  [ 0, 1 ],
  [ 17, 7 ],
  [ 3, 19 ],
  [ 19, undefined ],
  [ 4, undefined ] ]
[ [ 4, 10, 5 ],
  [ 9, 11, 5 ],
  [ 0, 4, 1 ],
  [ 17, 18, 7 ],
  [ 3, 15, 19 ],
  [ 19, 17, undefined ],
  [ 4, 16, undefined ] ]

[]
[]
[ 11, 1, 13, 3 ]

[]
[ [ undefined, 11 ],
  [ undefined, 1 ],
  [ undefined, 13 ],
  [ undefined, 3 ] ]
[ [ undefined, undefined, 11 ],
  [ undefined, undefined, 1 ],
  [ undefined, undefined, 13 ],
  [ undefined, undefined, 3 ] ]

[ 18, 15, 12, 17 ]
[ 18, 11, 12, 0 ]
[ 4, 13, 5, 19, 14, 12 ]

[ [ 18, 18 ], [ 15, 11 ], [ 12, 12 ], [ 17, 0 ] ]
[ [ 18, 4 ],
  [ 15, 13 ],
  [ 12, 5 ],
  [ 17, 19 ],
  [ undefined, 14 ],
  [ undefined, 12 ] ]
[ [ 18, 18, 4 ],
  [ 15, 11, 13 ],
  [ 12, 12, 5 ],
  [ 17, 0, 19 ],
  [ undefined, undefined, 14 ],
  [ undefined, undefined, 12 ] ]

[]
[]
[ 3, 12, 3, 11, 0 ]

[]
[ [ undefined, 3 ],
  [ undefined, 12 ],
  [ undefined, 3 ],
  [ undefined, 11 ],
  [ undefined, 0 ] ]
[ [ undefined, undefined, 3 ],
  [ undefined, undefined, 12 ],
  [ undefined, undefined, 3 ],
  [ undefined, undefined, 11 ],
  [ undefined, undefined, 0 ] ]

[ 7, 2, 10, 7 ]
[ 0, 19, 15, 8 ]
[]

[ [ 7, 0 ], [ 2, 19 ], [ 10, 15 ], [ 7, 8 ] ]
[ [ 7, undefined ],
  [ 2, undefined ],
  [ 10, undefined ],
  [ 7, undefined ] ]
[ [ 7, 0, undefined ],
  [ 2, 19, undefined ],
  [ 10, 15, undefined ],
  [ 7, 8, undefined ] ]

[ 8, 19, 18, 17, 7, 12 ]
[ 15, 3, 10, 19, 1, 8 ]
[ 1, 15, 4, 10 ]

[ [ 8, 15 ],
  [ 19, 3 ],
  [ 18, 10 ],
  [ 17, 19 ],
  [ 7, 1 ],
  [ 12, 8 ] ]
[ [ 8, 1 ],
  [ 19, 15 ],
  [ 18, 4 ],
  [ 17, 10 ],
  [ 7, undefined ],
  [ 12, undefined ] ]
[ [ 8, 15, 1 ],
  [ 19, 3, 15 ],
  [ 18, 10, 4 ],
  [ 17, 19, 10 ],
  [ 7, 1, undefined ],
  [ 12, 8, undefined ] ]

[ 18, 16, 0, 15, 11, 1 ]
[ 8, 13, 16, 4, 5, 1 ]
[ 3, 4, 1, 2, 6, 4 ]

[ [ 18, 8 ], [ 16, 13 ], [ 0, 16 ], [ 15, 4 ], [ 11, 5 ], [ 1, 1 ] ]
[ [ 18, 3 ], [ 16, 4 ], [ 0, 1 ], [ 15, 2 ], [ 11, 6 ], [ 1, 4 ] ]
[ [ 18, 8, 3 ],
  [ 16, 13, 4 ],
  [ 0, 16, 1 ],
  [ 15, 4, 2 ],
  [ 11, 5, 6 ],
  [ 1, 1, 4 ] ]

[ 4, 9, 9, 8, 17, 9, 6, 4, 16 ]
[ 18, 17, 7, 10, 7, 13, 4, 11, 0 ]
[ 5 ]

[ [ 4, 18 ],
  [ 9, 17 ],
  [ 9, 7 ],
  [ 8, 10 ],
  [ 17, 7 ],
  [ 9, 13 ],
  [ 6, 4 ],
  [ 4, 11 ],
  [ 16, 0 ] ]
[ [ 4, 5 ],
  [ 9, undefined ],
  [ 9, undefined ],
  [ 8, undefined ],
  [ 17, undefined ],
  [ 9, undefined ],
  [ 6, undefined ],
  [ 4, undefined ],
  [ 16, undefined ] ]
[ [ 4, 18, 5 ],
  [ 9, 17, undefined ],
  [ 9, 7, undefined ],
  [ 8, 10, undefined ],
  [ 17, 7, undefined ],
  [ 9, 13, undefined ],
  [ 6, 4, undefined ],
  [ 4, 11, undefined ],
  [ 16, 0, undefined ] ]

[ 11, 17, 7, 3 ]
[ 2, 16, 5, 8 ]
[ 5, 1, 7, 12, 3 ]

[ [ 11, 2 ], [ 17, 16 ], [ 7, 5 ], [ 3, 8 ] ]
[ [ 11, 5 ], [ 17, 1 ], [ 7, 7 ], [ 3, 12 ], [ undefined, 3 ] ]
[ [ 11, 2, 5 ],
  [ 17, 16, 1 ],
  [ 7, 5, 7 ],
  [ 3, 8, 12 ],
  [ undefined, undefined, 3 ] ]

[ 10, 9, 7, 5, 8, 8, 14, 3, 2 ]
[ 5, 16, 6, 10, 7, 18, 7, 2, 4 ]
[ 19, 2 ]

[ [ 10, 5 ],
  [ 9, 16 ],
  [ 7, 6 ],
  [ 5, 10 ],
  [ 8, 7 ],
  [ 8, 18 ],
  [ 14, 7 ],
  [ 3, 2 ],
  [ 2, 4 ] ]
[ [ 10, 19 ],
  [ 9, 2 ],
  [ 7, undefined ],
  [ 5, undefined ],
  [ 8, undefined ],
  [ 8, undefined ],
  [ 14, undefined ],
  [ 3, undefined ],
  [ 2, undefined ] ]
[ [ 10, 5, 19 ],
  [ 9, 16, 2 ],
  [ 7, 6, undefined ],
  [ 5, 10, undefined ],
  [ 8, 7, undefined ],
  [ 8, 18, undefined ],
  [ 14, 7, undefined ],
  [ 3, 2, undefined ],
  [ 2, 4, undefined ] ]

[ 10, 2, 11, 6, 2, 13, 4, 3, 3 ]
[ 13, 4, 4, 9, 13, 15, 9, 0, 18 ]
[ 17, 18 ]

[ [ 10, 13 ],
  [ 2, 4 ],
  [ 11, 4 ],
  [ 6, 9 ],
  [ 2, 13 ],
  [ 13, 15 ],
  [ 4, 9 ],
  [ 3, 0 ],
  [ 3, 18 ] ]
[ [ 10, 17 ],
  [ 2, 18 ],
  [ 11, undefined ],
  [ 6, undefined ],
  [ 2, undefined ],
  [ 13, undefined ],
  [ 4, undefined ],
  [ 3, undefined ],
  [ 3, undefined ] ]
[ [ 10, 13, 17 ],
  [ 2, 4, 18 ],
  [ 11, 4, undefined ],
  [ 6, 9, undefined ],
  [ 2, 13, undefined ],
  [ 13, 15, undefined ],
  [ 4, 9, undefined ],
  [ 3, 0, undefined ],
  [ 3, 18, undefined ] ]

[ 13, 16, 14, 17, 18 ]
[ 13, 1, 12, 1, 15 ]
[ 10, 15 ]

[ [ 13, 13 ], [ 16, 1 ], [ 14, 12 ], [ 17, 1 ], [ 18, 15 ] ]
[ [ 13, 10 ],
  [ 16, 15 ],
  [ 14, undefined ],
  [ 17, undefined ],
  [ 18, undefined ] ]
[ [ 13, 13, 10 ],
  [ 16, 1, 15 ],
  [ 14, 12, undefined ],
  [ 17, 1, undefined ],
  [ 18, 15, undefined ] ]

[ 8, 3 ]
[ 13, 1 ]
[ 11, 10, 13 ]

[ [ 8, 13 ], [ 3, 1 ] ]
[ [ 8, 11 ], [ 3, 10 ], [ undefined, 13 ] ]
[ [ 8, 13, 11 ], [ 3, 1, 10 ], [ undefined, undefined, 13 ] ]

[ 17, 3 ]
[ 13, 7 ]
[ 1, 6, 1, 9, 17, 19 ]

[ [ 17, 13 ], [ 3, 7 ] ]
[ [ 17, 1 ],
  [ 3, 6 ],
  [ undefined, 1 ],
  [ undefined, 9 ],
  [ undefined, 17 ],
  [ undefined, 19 ] ]
[ [ 17, 13, 1 ],
  [ 3, 7, 6 ],
  [ undefined, undefined, 1 ],
  [ undefined, undefined, 9 ],
  [ undefined, undefined, 17 ],
  [ undefined, undefined, 19 ] ]

[ 4, 18, 1 ]
[ 18, 2, 4 ]
[ 12, 5, 14 ]

[ [ 4, 18 ], [ 18, 2 ], [ 1, 4 ] ]
[ [ 4, 12 ], [ 18, 5 ], [ 1, 14 ] ]
[ [ 4, 18, 12 ], [ 18, 2, 5 ], [ 1, 4, 14 ] ]

[ 2, 14 ]
[ 9, 18 ]
[ 19, 12, 1 ]

[ [ 2, 9 ], [ 14, 18 ] ]
[ [ 2, 19 ], [ 14, 12 ], [ undefined, 1 ] ]
[ [ 2, 9, 19 ], [ 14, 18, 12 ], [ undefined, undefined, 1 ] ]

[ 4, 8, 18 ]
[ 3, 6, 13 ]
[ 4, 19, 13, 10, 10 ]

[ [ 4, 3 ], [ 8, 6 ], [ 18, 13 ] ]
[ [ 4, 4 ],
  [ 8, 19 ],
  [ 18, 13 ],
  [ undefined, 10 ],
  [ undefined, 10 ] ]
[ [ 4, 3, 4 ],
  [ 8, 6, 19 ],
  [ 18, 13, 13 ],
  [ undefined, undefined, 10 ],
  [ undefined, undefined, 10 ] ]

[]
[]
[ 6, 19, 11 ]

[]
[ [ undefined, 6 ], [ undefined, 19 ], [ undefined, 11 ] ]
[ [ undefined, undefined, 6 ],
  [ undefined, undefined, 19 ],
  [ undefined, undefined, 11 ] ]

[ 0, 8, 18, 17, 9 ]
[ 8, 6, 0, 11, 8 ]
[ 2, 2, 15, 0 ]

[ [ 0, 8 ], [ 8, 6 ], [ 18, 0 ], [ 17, 11 ], [ 9, 8 ] ]
[ [ 0, 2 ], [ 8, 2 ], [ 18, 15 ], [ 17, 0 ], [ 9, undefined ] ]
[ [ 0, 8, 2 ],
  [ 8, 6, 2 ],
  [ 18, 0, 15 ],
  [ 17, 11, 0 ],
  [ 9, 8, undefined ] ]

[ 3, 7, 14, 15, 2, 0, 10, 11, 0 ]
[ 16, 13, 17, 8, 3, 7, 15, 18, 15 ]
[ 12, 10 ]

[ [ 3, 16 ],
  [ 7, 13 ],
  [ 14, 17 ],
  [ 15, 8 ],
  [ 2, 3 ],
  [ 0, 7 ],
  [ 10, 15 ],
  [ 11, 18 ],
  [ 0, 15 ] ]
[ [ 3, 12 ],
  [ 7, 10 ],
  [ 14, undefined ],
  [ 15, undefined ],
  [ 2, undefined ],
  [ 0, undefined ],
  [ 10, undefined ],
  [ 11, undefined ],
  [ 0, undefined ] ]
[ [ 3, 16, 12 ],
  [ 7, 13, 10 ],
  [ 14, 17, undefined ],
  [ 15, 8, undefined ],
  [ 2, 3, undefined ],
  [ 0, 7, undefined ],
  [ 10, 15, undefined ],
  [ 11, 18, undefined ],
  [ 0, 15, undefined ] ]

